start: 2021-05-03 22:04:53.281610
end: 2021-05-03 22:04:53.281610
timedelta: 2021-05-03 22:04:53.281610

