--------TIME--------
start: 2021-04-24 20:54:41.166520
end: 2021-04-25 15:00:47.169964
