start: 2021-05-04 18:57:54.013729
end: 2021-05-04 21:58:43.721841
timedelta: 3:00:49.708112


